      4.00
      0.00
    -24.00
      0.00
     62.00
      0.00
   -144.00
      0.00
    300.00
      0.00
   -568.00
      0.00
   1003.00
      0.00
  -1672.00
      0.00
   2660.00
      0.00
  -4088.00
      0.00
   6107.00
      0.00
  -8961.00
      0.00
  13072.00
      0.00
 -19323.00
      0.00
  29999.00
      0.00
 -53539.00
      0.00
 166178.00
 262144.00
 166178.00
      0.00
 -53539.00
      0.00
  29999.00
      0.00
 -19323.00
      0.00
  13072.00
      0.00
  -8961.00
      0.00
   6107.00
      0.00
  -4088.00
      0.00
   2660.00
      0.00
  -1672.00
      0.00
   1003.00
      0.00
   -568.00
      0.00
    300.00
      0.00
   -144.00
      0.00
     62.00
      0.00
    -24.00
      0.00
      4.00
