-.000256
-.000143
-.000071
-.000013
-.000004
-.000001
 .000032
 .0
-.000026
 .000002
 .000036
 .000050
 .000021
 .000008
-.000012
-.000140
-.000226
-.000138
 .000010
 .000036
 .000179
 .000190
 .000064
 .000011
-.000064 
-.000018
 .0
 .000020
 .000053
 .000012
-.000022
-.000149
-.000278
-.000098
 .000001
 .000077
 .000166
 .000106
 .000015
-.000022
-.000048
-.000074
-.000022
 .000005
 .000009
 .000041
 .000095
 .000090
-.000012
-.000037
-.000145
-.000208
-.000927
-.005089
-.018871
-.053894
-.128250
-.266964
-.501238
-.866791
-1.401949
-2.145948
-3.137997
-4.416657
-6.020594
-7.989334
-10.364986
-13.194719
-16.533196
-20.447622
-25.024382
-30.379687
-36.679477
-44.169450
-53.259353
-64.619008
-79.291213
-90.247748
-91.540418
-96.987389
-97.990997
-94.450644
-94.268681
-97.250387
-103.660592
-105.940671
-98.212931
-94.313447
-95.354251
-98.447393
-103.249457
-93.387604
-91.390894
-94.404415
-103.883234
-93.245384
-90.469534
-91.528735
-98.960202
-105.235066
-97.073218
-101.790858
-103.660592
-96.903272
-97.160860
-106.804655
-96.213761
-91.368358
-91.202963
-96.903271
-103.058722
-92.156508
-90.247741
-91.623161
-98.760392
-103.883238
-96.861830
-96.987388
-100.046559
-106.804655
-104.119091
-105.235066
-104.637666
-105.940673
-107.323099
-102.375213
-94.009640
-91.312516 
