##
## za encoder table for az and ch. units are gc arc seconds
## .5 deg steps from 0 to 20 (41 entries). 2 numbers/line
## 1st : az, 2nd:za. # in col 1 is a comment
#
# az        za    deg  encoder table
#!enctbl17A   16dec07   model17
    13.67    -22.10   0.00
    13.67    -22.10   0.50
    13.67    -22.10   1.00
    13.67    -22.10   1.50
    13.67    -22.10   2.00
     5.69    -13.77   2.50
    -3.58     -4.40   3.00
    -8.70      2.08   3.50
    -6.41      7.51   4.00
    -6.23     10.43   4.50
    -4.20     11.15   5.00
    -1.76      9.43   5.50
     0.97      6.65   6.00
     1.60      4.10   6.50
     1.65      0.86   7.00
     0.42     -3.38   7.50
     0.29     -7.00   8.00
     1.77     -7.95   8.50
     2.33     -5.49   9.00
     4.53     -2.39   9.50
     4.67      1.87  10.00
     4.45      6.00  10.50
     4.17      6.96  11.00
     0.71      7.30  11.50
    -2.49      5.52  12.00
    -5.37      3.03  12.50
    -8.78      1.09  13.00
   -11.28     -1.05  13.50
   -10.98     -1.91  14.00
    -6.54     -3.18  14.50
    -0.88     -3.55  15.00
     5.75     -3.04  15.50
    10.42     -4.42  16.00
    10.60     -4.15  16.50
     8.19     -2.90  17.00
     4.85     -1.58  17.50
    -0.94      0.98  18.00
    -5.05      4.59  18.50
    -7.32      5.80  19.00
    -7.32      5.80  19.50
    -7.32      5.80  20.00

