##
## za encoder table for az and ch. units are gc arc seconds
## .5 deg steps from 0 to 20 (41 entries). 2 numbers/line
## 1st : az, 2nd:za. # in col 1 is a comment
#
# az        za    deg  encoder table
#!enctbl15A   13may04   model 15
    11.71    -20.23   0.00
    11.71    -20.23   0.50
    11.71    -20.23   1.00
    11.71    -20.23   1.50
    11.71    -20.23   2.00
     4.92    -12.47   2.50
    -2.00     -3.94   3.00
    -5.20      2.02   3.50
    -5.25      7.59   4.00
    -4.52     10.52   4.50
    -3.29      9.59   5.00
    -0.03      7.49   5.50
     1.99      4.87   6.00
     1.58      2.10   6.50
     0.51     -1.31   7.00
    -0.04     -5.38   7.50
    -0.96     -7.76   8.00
     0.28     -7.79   8.50
     1.43     -6.09   9.00
     3.30     -2.57   9.50
     4.19      1.84  10.00
     5.06      5.47  10.50
     3.79      7.29  11.00
     0.99      6.86  11.50
    -1.98      6.14  12.00
    -5.57      4.63  12.50
    -8.25      1.68  13.00
    -9.55     -0.69  13.50
    -8.65     -1.80  14.00
    -5.30     -3.29  14.50
    -0.42     -4.98  15.00
     5.53     -5.42  15.50
     9.68     -5.24  16.00
    10.12     -3.82  16.50
     7.71     -2.10  17.00
     2.74     -0.47  17.50
    -2.10      1.70  18.00
    -4.42      3.47  18.50
    -5.15      4.88  19.00
    -5.15      4.88  19.50
    -5.15      4.88  20.00
