##
## za encoder table for az and ch. units are gc arc seconds
## .5 deg steps from 0 to 20 (41 entries). 2 numbers/line
## 1st : az, 2nd:za. # in col 1 is a comment
#
# az        za    deg  encoder table
#!enctbl14A   04mar03   model 14
   22.93    -22.00   0.00
    22.93    -22.00   0.50
    22.93    -22.00   1.00
    22.93    -22.00   1.50
    11.87    -16.27   2.00
     5.76     -7.29   2.50
     0.38      1.71   3.00
    -6.84      8.34   3.50
    -9.98     12.29   4.00
    -9.20     14.02   4.50
    -8.35     12.15   5.00
    -5.34      8.72   5.50
    -1.74      5.60   6.00
    -0.26      2.35   6.50
    -0.30     -1.80   7.00
    -0.24     -5.88   7.50
     0.30     -7.91   8.00
     1.52     -7.92   8.50
     3.28     -7.75   9.00
     4.75     -4.57   9.50
     5.22      1.17  10.00
     4.91      4.83  10.50
     2.51      5.86  11.00
    -0.39      5.85  11.50
    -3.14      4.77  12.00
    -6.84      3.06  12.50
    -9.56      0.96  13.00
   -10.52     -0.73  13.50
    -8.72     -0.85  14.00
    -4.93     -0.90  14.50
    -0.22     -2.05  15.00
     6.22     -2.84  15.50
    11.24     -3.17  16.00
    11.93     -3.30  16.50
    10.16     -3.53  17.00
     6.09     -3.19  17.50
     0.53     -0.92  18.00
    -4.39      2.22  18.50
    -7.87      4.61  19.00
   -10.98      5.53  19.50
   -10.98      5.53  20.00
