##
## za encoder table for ch. units are gc arc seconds
## .5 deg steps from 0 to 20 (41 entries). 2 numbers/line
## 1st : az, 2nd:za. # in col 1 is a comment
##
#!enctblch16 01mar05  all zeros
   -22.09     -1.86   0.00
   -22.09     -1.86   0.50
   -22.09     -1.86   1.00
   -22.09     -1.86   1.50
   -22.09     -1.86   2.00
   -22.09     -1.86   2.50
   -22.09     -1.86   3.00
   -16.01     14.06   3.50
    -5.71     24.16   4.00
    -8.81     23.66   4.50
    -4.21     15.24   5.00
     3.61      0.94   5.50
     2.20     -9.94   6.00
     0.24    -11.28   6.50
     2.30     -1.50   7.00
     5.20      5.18   7.50
     9.15      2.44   8.00
     9.49      2.92   8.50
     9.20      0.22   9.00
     7.16     -3.90   9.50
     8.56     -9.49  10.00
     7.23    -10.78  10.50
     2.47    -10.12  11.00
    -2.68    -11.62  11.50
    -3.63    -10.70  12.00
    -1.08     -9.54  12.50
    -3.24     -5.61  13.00
   -14.79     -0.52  13.50
   -24.79      3.43  14.00
   -23.86      6.20  14.50
   -11.53      9.88  15.00
    -0.94     17.08  15.50
     7.17     24.22  16.00
    15.66     29.26  16.50
    11.52     22.46  17.00
     4.39      7.22  17.50
     2.12    -14.34  18.00
     3.18    -31.14  18.50
    -0.15    -26.29  19.00
    -0.15    -26.29  19.50
    -0.15    -26.29  20.00
