##
## za encoder table for az and ch. units are gc arc seconds
## .5 deg steps from 0 to 20 (41 entries). 2 numbers/line
## 1st : az, 2nd:za. # in col 1 is a comment
##
#!enctbl10 30apr99.. use with tdtracking
0 0 0.00
0 0 0.50
0 0 1.00
0 0 1.50
0 0 2.00
0 0 2.50
0 0 3.00
0 0 3.50
0 0 4.00
0 0 4.50
0 0 5.00
0 0 5.50
0 0 6.00
0 0 6.50
0 0 7.00
0 0 7.50
0 0 8.00
0 0 8.50
0 0 9.00
0 0 9.50
0 0 10.00
0 0 10.50
0 0 11.00
0 0 11.50
0 0 12.00
0 0 12.50
0 0 13.00
0 0 13.50
0 0 14.00
0 0 14.50
0 0 15.00
0 0 15.50
0 0 16.00
0 0 16.50
0 0 17.00
0 0 17.50
0 0 18.00
0 0 18.50
0 0 19.00
0 0 19.50
0 0 20.00
