##
## za encoder table for az and ch. units are gc arc seconds
## .5 deg steps from 0 to 20 (41 entries). 2 numbers/line
## 1st : az, 2nd:za. # in col 1 is a comment
#!enctbl10 30dec98   built using dec98 data modelSB10B. till 01feb00
     -5.29     -15.25       0.00
      3.37     -19.58       0.50
     12.04     -23.91       1.00
     22.05     -20.16       1.50
     21.77     -18.54       2.00
     12.03     -15.34       2.50
      7.75     -11.33       3.00
      1.72      -6.25       3.50
     -1.48      -2.26       4.00
     -0.63       3.28       4.50
      0.47       6.55       5.00
     -5.27       1.89       5.50
      0.26       0.50       6.00
      1.77      -1.20       6.50
     -2.33      -2.08       7.00
     -6.93      -4.37       7.50
     -8.19      -2.64       8.00
     -8.42       1.17       8.50
     -8.16       7.35       9.00
     -6.19      10.28       9.50
     -3.50      16.48      10.00
     -0.75      20.94      10.50
     -1.24      20.12      11.00
     -1.81      17.12      11.50
     -3.23      10.69      12.00
     -3.59       2.81      12.50
     -1.37      -5.92      13.00
     -0.64     -14.78      13.50
      1.60     -19.69      14.00
      5.69     -21.27      14.50
      8.80     -21.29      15.00
     11.39     -17.81      15.50
     14.03     -13.92      16.00
     11.44      -8.90      16.50
      7.58      -4.22      17.00
      1.66      -0.68      17.50
     -2.13       4.39      18.00
     -5.79       7.81      18.50
    -10.53      11.30      19.00
     -8.73      13.19      19.50
     -1.77      11.77      20.00
