##
## za encoder table for az and ch. units are gc arc seconds
## .5 deg steps from 0 to 20 (41 entries). 2 numbers/line
## 1st : az, 2nd:za. # in col 1 is a comment
#
# az        za    deg  encoder table
#!enctbl13A   6feb02   after model13 built.
    -4.46     -9.67   0.00
    -4.46     -9.67   0.50
    -4.46     -9.67   1.00
    -4.46     -9.67   1.50
    -4.46     -9.67   2.00
    -6.39     -8.65   2.50
    -9.21     -6.21   3.00
    -9.33     -3.15   3.50
    -6.22     -0.15   4.00
    -2.76      3.20   4.50
    -0.11      5.83   5.00
     4.07      5.89   5.50
     9.03      4.76   6.00
     9.90      2.71   6.50
     8.91     -0.03   7.00
     5.82     -3.06   7.50
     1.85     -3.83   8.00
     0.11     -2.45   8.50
    -0.03     -0.45   9.00
     1.77      2.14   9.50
     3.12      5.66  10.00
     3.18      8.27  10.50
     0.99      7.58  11.00
    -2.89      4.72  11.50
    -6.20      1.82  12.00
    -7.08     -0.70  12.50
    -7.00     -3.54  13.00
    -7.19     -5.31  13.50
    -5.59     -5.13  14.00
    -3.11     -4.51  14.50
    -0.21     -4.02  15.00
     3.10     -3.37  15.50
     4.66     -3.45  16.00
     4.46     -3.61  16.50
     3.36     -3.25  17.00
     1.72     -1.69  17.50
     0.23      1.58  18.00
    -0.21      4.70  18.50
    -1.09      7.04  19.00
    -2.32      7.78  19.50
    -2.32      7.78  20.00
