##
## za encoder table for az and ch. units are gc arc seconds
## .5 deg steps from 0 to 20 (41 entries). 2 numbers/line
## 1st : az, 2nd:za. # in col 1 is a comment
#
#    az       za
#!enctbl12A   16mar01  after model12 built. 
    -3.57     -4.82   0.00
    -3.57     -4.82   0.50
    -3.57     -4.82   1.00
    -3.57     -4.82   1.50
     1.42     -7.98   2.00
    -1.54     -7.72   2.50
   -11.29     -8.11   3.00
   -12.43     -5.51   3.50
    -8.85     -0.65   4.00
    -3.68      3.95   4.50
     1.28      5.77   5.00
     5.73      6.11   5.50
     9.54      4.76   6.00
    10.26      2.24   6.50
     8.67     -0.74   7.00
     3.81     -3.74   7.50
    -0.07     -4.54   8.00
     0.06     -3.30   8.50
     0.83     -1.03   9.00
     0.91      3.19   9.50
     1.92      7.25  10.00
     2.40      8.84  10.50
     0.73      7.72  11.00
    -3.32      4.15  11.50
    -6.43      0.63  12.00
    -7.15     -1.32  12.50
    -7.72     -3.45  13.00
    -6.96     -5.08  13.50
    -5.06     -4.59  14.00
    -2.83     -3.24  14.50
     0.16     -2.88  15.00
     3.52     -3.26  15.50
     4.79     -3.77  16.00
     4.73     -3.33  16.50
     4.47     -2.41  17.00
     3.03     -1.19  17.50
     1.10      1.25  18.00
    -1.01      3.77  18.50
    -2.87      5.43  19.00
    -4.30      5.27  19.50
    -4.30      5.27  20.00
