##
## za encoder table for az and ch. units are gc arc seconds
## .5 deg steps from 0 to 20 (41 entries). 2 numbers/line
## 1st : az, 2nd:za. # in col 1 is a comment
#
#!enctbl11A   6feb00   after model11 built. used to verify horns
    -30.71      -5.19       0.00
    -30.71      -5.19       0.50
    -30.71      -5.19       1.00
     -3.84     -11.65       1.50
     -2.22      -8.45       2.00
     -3.82      -8.65       2.50
    -16.02     -11.64       3.00
    -11.88      -6.80       3.50
     -8.69       1.07       4.00
     -3.65       4.68       4.50
      2.45       7.30       5.00
      5.38       4.77       5.50
      9.51       4.65       6.00
     13.70       3.73       6.50
      9.02      -0.65       7.00
      6.51      -3.09       7.50
      3.45      -3.09       8.00
     -1.03      -2.54       8.50
      0.30       1.33       9.00
      1.10       5.31       9.50
      1.91       8.85      10.00
      2.57      11.32      10.50
      2.03       9.49      11.00
     -3.04       5.91      11.50
     -6.06       1.06      12.00
     -7.89      -1.95      12.50
     -7.39      -4.07      13.00
     -9.06      -6.11      13.50
     -6.15      -4.86      14.00
     -2.96      -4.50      14.50
     -0.28      -5.02      15.00
      1.76      -4.69      15.50
      4.73      -5.30      16.00
      6.75      -4.23      16.50
      4.26      -2.65      17.00
      2.41      -2.10      17.50
      2.78       1.14      18.00
     -0.80       4.25      18.50
     -2.28       5.00      19.00
     -1.55       4.25      19.50
      4.47       1.13      20.00
