##
## za encoder table for az and ch. units are gc arc seconds
## .5 deg steps from 0 to 20 (41 entries). 2 numbers/line
## 1st : az, 2nd:za. # in col 1 is a comment
#
# az        za    deg  encoder table
#!enctbl18A   05mar12   model18
    10.24    -25.59   0.00                                                      
    10.24    -25.59   0.50
    10.24    -25.59   1.00
    10.24    -25.59   1.50
    10.24    -25.59   2.00
     7.80    -13.99   2.50
     2.99     -5.53   3.00
     0.00      0.00   3.50
    -7.73      7.26   4.00
    -6.40      8.93   4.50
    -3.72      8.76   5.00
    -2.58      7.90   5.50
     0.11      6.04   6.00
     2.82      2.22   6.50
     3.22     -1.76   7.00
     1.05     -5.09   7.50
     0.05     -7.34   8.00
     0.88     -7.60   8.50
     2.36     -5.41   9.00
     3.91     -2.45   9.50
     4.37      0.77  10.00
     4.78      4.21  10.50
     3.30      5.87  11.00
     0.02      6.07  11.50
    -2.56      5.84  12.00
    -5.74      3.74  12.50
    -8.32      1.23  13.00
   -10.16     -0.56  13.50
    -9.73     -1.40  14.00
    -6.01     -2.47  14.50
    -0.81     -3.16  15.00
     5.06     -3.87  15.50
     9.57     -4.86  16.00
    10.44     -4.50  16.50
     8.12     -3.38  17.00
     2.91     -1.28  17.50
    -1.47      1.57  18.00
    -4.21      3.98  18.50
    -6.58      5.22  19.00
    -6.58      5.22  19.50
    -6.58      5.22  20.00

